section_marker -> [a-zA-Z]*
repetition -> [0-9]* | *
duration -> 0 | 4 | 8 | 16
fret -> 0-24
fret_instruction -> duration|fret

{ section_marker [ repetition(fret_instruction,*) ]* }

# Example Implementation of axeman2
{ CountIn [1 (0|0,0|0,0|0,0|0,0|0,0|0,0|0,0|0,0|0,0|0,0|0,0|0,0|0,0|0,0|0,0|0) ] }

{ IntroA-I [1 (0|7,0|7,0|7,0|7,0|9,0|9,0|9,0|9,0|9,0|9,0|9,0|9,0|5,0|5,0|5,0|5) ]  [1 (0|7,0|7,0|7,0|7,0|7,0|7,0|7,0|7,0|11,0|11,0|11,0|11,0|9,0|9,0|9,0|9) ] [1 (0|7,0|7,0|7,0|7,0|9,0|9,0|9,0|9,0|9,0|9,0|9,0|9,0|5,0|5,0|5,0|5) ] [1 (0|7,0|7,0|7,0|7,0|5,0|5,0|5,0|5,0|3,0|3,0|3,0|3,0|1,0|1,0|1,0|1) ] }

{ IntroB-I [2 (0|5,0|5,0|5,0|5,0|5,0|5,0|5,0|5,0|5,0|5,0|5,0|5,0|5,0|5,0|5,0|5,0|5,0|5,0|5,0|5,0|5,0|5,0|5,0|5) (0|7,0|7,0|7,0|7,0|7,0|7,0|7,0|7,0|7,0|7,0|7,0|7,0|7,0|7,0|7,0|7,0|7,0|7,0|7,0|7,0|7,0|7,0|7,0|7) ] [1(0|5,0|5,0|5,0|5,0|5,0|5,0|5,0|5,0|5,0|5,0|5,0|5,0|5,0|5,0|5,0|5,0|5,0|5,0|5,0|5,0|5,0|5,0|5,0|5) (0|7,0|7,0|7,0|7,0|7,0|7,0|7,0|7,0|7,0|7,0|7,0|7,0|10,0|10,0|10,0|10,0|10,0|10,0|10,0|10,0|10,0|10,0|10,0|10) }

{ IntroA-II [1 (0|7,0|7,0|7,0|7,0|9,0|9,0|9,0|9,0|9,0|9,0|9,0|9,0|5,0|5,0|5,0|5) ]  [1 (0|7,0|7,0|7,0|7,0|7,0|7,0|7,0|7,0|11,0|11,0|11,0|11,0|9,0|9,0|9,0|9) ] [1 (0|7,0|7,0|7,0|7,0|9,0|9,0|9,0|9,0|9,0|9,0|9,0|9,0|5,0|5,0|5,0|5) ] [1 (0|7,0|7,0|7,0|7,0|5,0|5,0|5,0|5,0|3,0|3,0|3,0|3,0|1,0|1,0|1,0|1) ] }

{ IntroB-II [2 (0|5,0|5,0|5,0|5,0|5,0|5,0|5,0|5,0|5,0|5,0|5,0|5,0|5,0|5,0|5,0|5,0|5,0|5,0|5,0|5,0|5,0|5,0|5,0|5) (0|7,0|7,0|7,0|7,0|7,0|7,0|7,0|7,0|7,0|7,0|7,0|7,0|7,0|7,0|7,0|7,0|7,0|7,0|7,0|7,0|7,0|7,0|7,0|7) ] [1(0|5,0|5,0|5,0|5,0|5,0|5,0|5,0|5,0|5,0|5,0|5,0|5,0|5,0|5,0|5,0|5,0|5,0|5,0|5,0|5,0|5,0|5,0|5,0|5) (0|7,0|7,0|7,0|7,0|7,0|7,0|7,0|7,0|7,0|7,0|7,0|7,0|10,0|10,0|10,0|10,0|10,0|10,0|10,0|10,0|10,0|10,0|10,0|10) }

# Example Implementation of axeman2
{ CountIn [1 (0|0,0|0,0|0,0|0,0|0,0|0,0|0,0|0,0|0,0|0,0|0,0|0,0|0,0|0,0|0,0|0) ] }

{ IntroA-I [4 (0|0,0|0,0|0,0|0,0|0,0|0,0|0,0|0,0|0,0|0,0|0,0|0,0|0,0|0,0|0,0|0) ] }

{ IntroB-I [6 (0|0,0|0,0|0,0|0,0|0,0|0,0|0,0|0,0|0,0|0,0|0,0|0,0|0,0|0,0|0,0|0,0|0,0|0,0|0,0|0,0|0,0|0,0|0,0|0) ] }

{ IntroA-II [4 (0|0,0|0,0|0,0|0,0|0,0|0,0|0,0|0,0|0,0|0,0|0,0|0,0|0,0|0,0|0,0|0) ] }

{ IntroB-II [6 (0|3,0|3,0|3,0|3,0|3,0|3,0|3,0|3,0|3,0|3,0|3,0|3,0|3,0|3,0|3,0|3,0|3,0|3,0|3,0|3,0|3,0|3,0|3,0|3) ] }

{
  Section {
    name : foo
    [
      { repetition_count: 2
        pattern: lslsll
      }
    ]

}


